0.02	0.00923797	0.0216284	0	0	0
0.04	0.0675074	0.0507631	0.0361957	0	0
0.06	0.0880358	0.0486369	0.0497	0.0180979	0
0.08	0.117946	0.0927267	0.0706818	0.0601909	0
0.1	0.0647196	0.0763777	0.0845522	0.077617	0.0689039
0.12	0.096263	0.107104	0.0917411	0.0881466	0.0828818
0.14	0.156932	0.110826	0.108965	0.100353	0.0942499
0.16	0.124847	0.110555	0.11069	0.109828	0.10509
0.18	0.169018	0.162975	0.136765	0.123728	0.116778
0.2	0.177503	0.151175	0.157075	0.14692	0.135324
0.22	0.208385	0.188701	0.169938	0.163506	0.155213
0.24	0.197302	0.187402	0.188052	0.178995	0.171251
0.26	0.227081	0.217733	0.202568	0.19531	0.187152
0.28	0.285475	0.241388	0.229561	0.216064	0.205687
0.3	0.295976	0.261529	0.251459	0.24051	0.228287
0.32	0.281627	0.283551	0.27254	0.261999	0.251254
0.34	0.303081	0.299529	0.29154	0.28204	0.27202
0.36	0.258404	0.270016	0.284772	0.288156	0.285098
0.38	0.317433	0.310257	0.290136	0.287454	0.287805
0.4	0.270459	0.264432	0.287344	0.28874	0.288097
0.42	0.304813	0.311123	0.287777	0.287561	0.288151
0.44	0.305548	0.288003	0.299563	0.29367	0.290615
0.46	0.383149	0.343981	0.315992	0.307778	0.300724
0.48	0.328916	0.317232	0.330607	0.323299	0.315538
0.5	0.363471	0.37331	0.345271	0.337939	0.330619
0.52	0.346099	0.337508	0.355409	0.35034	0.344139
0.54	0.353362	0.358417	0.347962	0.351686	0.351013
0.56	0.451354	0.398727	0.378572	0.363267	0.357476
0.58	0.381892	0.367627	0.383177	0.380874	0.372071
0.6	0.419591	0.435473	0.40155	0.392363	0.386619
0.62	0.46007	0.420981	0.428227	0.414888	0.403626
0.64	0.444917	0.432254	0.426617	0.427422	0.421155
0.66	0.420387	0.440229	0.436241	0.431429	0.429426
0.68	0.461311	0.453114	0.446671	0.441456	0.436443
0.7	0.456401	0.438394	0.445754	0.446213	0.443835
0.72	0.459395	0.460353	0.449374	0.447564	0.446888
0.74	0.513031	0.484716	0.472535	0.460954	0.454259
0.76	0.450378	0.454887	0.469802	0.471168	0.466061
0.78	0.503296	0.508164	0.481525	0.475663	0.473416
0.8	0.483533	0.466956	0.48756	0.484542	0.480103
0.82	0.512216	0.507756	0.487356	0.487458	0.486
0.84	0.479288	0.48141	0.494583	0.49097	0.489214
0.86	0.532136	0.522176	0.501793	0.498188	0.494579
0.88	0.474715	0.477002	0.499589	0.500691	0.49944
0.9	0.484717	0.508427	0.492714	0.496152	0.498422
0.92	0.533023	0.503869	0.506148	0.499431	0.497791
0.94	0.546628	0.515673	0.509771	0.507959	0.503695
0.96	0.463878	0.49845	0.507061	0.508416	0.508188
0.98	0.553717	0.550173	0.524311	0.515686	0.512051
1	0.512977	0.488428	0.5193	0.521806	0.518746
1.02	0.470293	0.512005	0.500216	0.509758	0.515782
1.04	0.481938	0.497458	0.504731	0.502474	0.506116
1.06	0.529795	0.500044	0.498751	0.501741	0.502108
1.08	0.552983	0.517461	0.508752	0.503752	0.502746
1.1	0.499071	0.514433	0.515947	0.51235	0.508051
1.12	0.470563	0.511773	0.513103	0.514525	0.513437
1.14	0.465858	0.482464	0.497119	0.505111	0.509818
1.16	0.509087	0.489825	0.486145	0.491632	0.498371
1.18	0.468844	0.467351	0.478588	0.482366	0.486999
1.2	0.485342	0.497214	0.482283	0.480435	0.481401
1.22	0.557324	0.513084	0.505149	0.493716	0.487075
1.24	0.549	0.517171	0.515127	0.510138	0.501927
1.26	0.542167	0.549746	0.533458	0.524293	0.517216
1.28	0.481821	0.515411	0.532578	0.533018	0.528656
1.3	0.506998	0.524583	0.519997	0.526287	0.529653
1.32	0.488202	0.485012	0.504797	0.512397	0.519342
1.34	0.524165	0.515581	0.500297	0.502547	0.507472
1.36	0.496656	0.492429	0.504005	0.502151	0.502349
1.38	0.509247	0.516706	0.504568	0.504287	0.503219
1.4	0.492521	0.494588	0.505647	0.505107	0.504697
1.42	0.439993	0.47462	0.484604	0.495126	0.500117
1.44	0.476358	0.484439	0.47953	0.482067	0.488596
1.46	0.522138	0.481065	0.482752	0.481141	0.481604
1.48	0.51823	0.497294	0.48918	0.485966	0.483553
1.5	0.493279	0.507708	0.502501	0.49584	0.490903
1.52	0.445493	0.481861	0.494785	0.498643	0.497242
1.54	0.486647	0.489963	0.485912	0.490348	0.494496
1.56	0.472377	0.458935	0.474449	0.48018	0.485264
1.58	0.43923	0.462939	0.460937	0.467693	0.473937
1.6	0.467923	0.47015	0.466545	0.463741	0.465717
1.62	0.410917	0.425074	0.447612	0.457078	0.460409
1.64	0.433388	0.450656	0.437865	0.442738	0.449908
1.66	0.472323	0.44162	0.446138	0.442001	0.44237
1.68	0.462059	0.447723	0.444672	0.445405	0.443703
1.7	0.406886	0.439605	0.443664	0.444168	0.444786
1.72	0.391357	0.426708	0.433156	0.43841	0.441289
1.74	0.452306	0.429596	0.428152	0.430654	0.434532
1.76	0.392417	0.391887	0.410742	0.419447	0.425051
1.78	0.420369	0.436337	0.414112	0.412427	0.415937
1.8	0.441584	0.417	0.426669	0.420391	0.416409
1.82	0.398954	0.409661	0.413331	0.42	0.420195
1.84	0.399896	0.42074	0.415201	0.414266	0.417133
1.86	0.414036	0.406495	0.413617	0.414409	0.414337
1.88	0.366059	0.382977	0.394736	0.404177	0.409293
1.9	0.40837	0.411203	0.39709	0.395913	0.400045
1.92	0.349627	0.357843	0.384523	0.390807	0.39336
1.94	0.385015	0.396693	0.377268	0.380895	0.385851
1.96	0.365664	0.357646	0.377169	0.377218	0.379057
1.98	0.381996	0.383505	0.370576	0.373872	0.375545
2	0.332761	0.349212	0.366359	0.368467	0.37117
2.02	0.299668	0.340832	0.345022	0.355691	0.362079
2.04	0.36665	0.349706	0.345269	0.345146	0.350418
2.06	0.357146	0.328407	0.339056	0.342163	0.343654
2.08	0.273379	0.320015	0.324211	0.331634	0.336898
2.1	0.340176	0.348661	0.334338	0.329274	0.330454
2.12	0.309614	0.291497	0.320079	0.327208	0.328241
2.14	0.282122	0.311149	0.301323	0.310701	0.318954
2.16	0.294294	0.301954	0.306551	0.303937	0.307319
2.18	0.253838	0.26798	0.284967	0.295759	0.299848
2.2	0.297725	0.296009	0.281995	0.283481	0.28962
2.22	0.243261	0.24855	0.27228	0.277137	0.280309
2.24	0.25061	0.274168	0.261359	0.266819	0.271978
2.26	0.221912	0.232587	0.253377	0.257368	0.262093
2.28	0.211458	0.231034	0.23181	0.242594	0.249981
2.3	0.213741	0.217827	0.22443	0.22812	0.235357
2.32	0.235189	0.223323	0.220575	0.222503	0.225311
2.34	0.214638	0.21419	0.218756	0.219666	0.221084
2.36	0.183411	0.2093	0.211745	0.215251	0.217458
2.38	0.250616	0.232627	0.220963	0.216354	0.215802
2.4	0.163763	0.173587	0.203107	0.212035	0.214195
2.42	0.159591	0.205103	0.189345	0.196226	0.204131
2.44	0.190096	0.176929	0.191016	0.190181	0.193203
2.46	0.210201	0.184896	0.180913	0.185965	0.188073
2.48	0.226265	0.208181	0.196538	0.188726	0.187345
2.5	0.214966	0.212583	0.210382	0.20346	0.196093
2.52	0.183625	0.204945	0.208764	0.209573	0.206517
2.54	0.147257	0.181111	0.193028	0.200896	0.205235
2.56	0.177718	0.180672	0.180892	0.18696	0.193928
2.58	0.133458	0.140357	0.160515	0.170703	0.178831
2.6	0.119907	0.148813	0.144585	0.15255	0.161626
2.62	0.107667	0.120562	0.134687	0.139636	0.146093
2.64	0.136894	0.1284	0.124481	0.129584	0.13461
2.66	0.0969448	0.102306	0.115353	0.119917	0.124751
2.68	0.0818584	0.109376	0.105841	0.110597	0.115257
2.7	0.134009	0.115477	0.112426	0.109134	0.109865
2.72	0.0675767	0.0747175	0.0950972	0.103762	0.106448
2.74	0.128674	0.131341	0.103029	0.0990633	0.101413
2.76	0.0600978	0.0638373	0.0975893	0.100309	0.0996863
2.78	0.112621	0.120647	0.0922423	0.0949158	0.0976126
2.8	0.0400601	0.0500789	0.0853631	0.0888027	0.0918593
2.82	0.122179	0.1174	0.0837394	0.0845513	0.086677
2.84	0.027052	0.033556	0.075478	0.0796087	0.08208
2.86	0.068657	0.0954178	0.0644869	0.0699825	0.0747956
2.88	0.0288951	0.0279736	0.0616957	0.0630913	0.0665369
2.9	0.030127	0.049392	0.0386828	0.0501892	0.0566403
2.92	0.0808215	0.0548583	0.0521251	0.045404	0.0477966
2.94	0.0693034	0.0497152	0.0522868	0.052206	0.048805
2.96	0.0567669	0.0687942	0.0592547	0.0557707	0.0539883
2.98	0.0830008	0.0761521	0.0724731	0.0658639	0.0608173
3	0.045434	0.0511004	0.0636263	0.0680497	0.0669568
3.02	0.0527684	0.0678846	0.0594925	0.0615594	0.0648045
3.04	-0.0184706	0.0134817	0.0406831	0.0500878	0.0558236
3.06	-0.0188616	0.0169534	0.0152175	0.0279503	0.0390191
3.08	0.015217	-0.00162682	0.00766328	0.0114404	0.0196954
3.1	-0.0333514	-0.0261065	-0.0138667	-0.00310169	0.00416936
3.12	-0.0384723	-0.0116277	-0.0188671	-0.0163669	-0.00973428
3.14	-0.0292032	-0.0312773	-0.0214525	-0.0201598	-0.0182633
3.16	-0.00764921	-0.0230608	-0.027169	-0.0243107	-0.0222353
3.18	0.0241374	-0.00253289	-0.0127968	-0.0199829	-0.0221468
3.2	-0.00445368	-0.00605145	-0.00429217	-0.00854449	-0.0142637
3.22	0.00990147	0.0170194	0.00548399	0.000595914	-0.00397429
3.24	-0.0642494	-0.0343515	-0.00866605	-0.00159103	-0.000497557
3.26	-0.0573646	-0.0237316	-0.0290416	-0.0188538	-0.0102224
3.28	0.0232367	-0.0205063	-0.0221189	-0.0255802	-0.022217
3.3	-0.0598622	-0.0586134	-0.0395599	-0.0308394	-0.0282098
3.32	0.00525305	0.0142449	-0.0221843	-0.0308721	-0.0308557
3.34	-0.0745582	-0.0672102	-0.0264826	-0.0243334	-0.0276028
3.36	0.00939732	0.00732519	-0.0299425	-0.0282126	-0.026273
3.38	-0.0881695	-0.0813639	-0.0370193	-0.0334809	-0.0308467
3.4	-0.00962918	-0.00011593	-0.0407399	-0.0388796	-0.0361803
3.42	-0.0924735	-0.0903215	-0.0452187	-0.0429793	-0.0409295
3.44	-0.102229	-0.0559291	-0.0731253	-0.059172	-0.0510757
3.46	-0.0131927	-0.0528331	-0.0543811	-0.0637532	-0.0614626
3.48	-0.048881	-0.075555	-0.0641941	-0.0592876	-0.0615204
3.5	-0.0929198	-0.0530563	-0.0643056	-0.0642498	-0.0617687
3.52	-0.0972473	-0.0730641	-0.0630602	-0.0636829	-0.0639664
3.54	-0.0769118	-0.0849158	-0.07899	-0.0710251	-0.067354
3.56	-0.027216	-0.0622316	-0.0735737	-0.0762818	-0.0736534
3.58	-0.0389047	-0.0579083	-0.0600699	-0.0668218	-0.0715518
3.6	-0.0872386	-0.0572273	-0.0575678	-0.0588189	-0.0628203
3.62	-0.0700923	-0.0544985	-0.0558629	-0.0567153	-0.0577671
3.64	-0.0695097	-0.0783742	-0.0664363	-0.0611496	-0.0589325
3.66	-0.0842269	-0.0771596	-0.0777669	-0.0721016	-0.0666256
3.68	-0.062698	-0.0661038	-0.0716317	-0.0746993	-0.0734005
3.7	-0.123346	-0.103786	-0.0849451	-0.0782884	-0.0764939
3.72	-0.082024	-0.072361	-0.0880737	-0.0865094	-0.0823989
3.74	-0.0610927	-0.0922193	-0.0822902	-0.0851819	-0.0858457
3.76	-0.108033	-0.0950284	-0.0936239	-0.087957	-0.0865695
3.78	-0.0408034	-0.0509481	-0.0729882	-0.0833061	-0.0856315
3.8	-0.0838176	-0.0959252	-0.0734366	-0.0732124	-0.0782592
3.82	-0.055167	-0.0479852	-0.0719552	-0.0726959	-0.0729542
3.84	-0.0694872	-0.0766524	-0.0623188	-0.067137	-0.0699165
3.86	-0.0826436	-0.0689053	-0.0727789	-0.0675488	-0.0673429
3.88	-0.143187	-0.106337	-0.0876211	-0.0802	-0.0738744
3.9	-0.073071	-0.0778573	-0.0920971	-0.0898591	-0.0850295
3.92	-0.0655794	-0.104383	-0.0911201	-0.0916086	-0.0907339
3.94	-0.0573477	-0.0652094	-0.0847962	-0.0879582	-0.0897834
3.96	-0.0634715	-0.0645254	-0.0648674	-0.0748318	-0.081395
3.98	-0.0685401	-0.0629439	-0.0637347	-0.064301	-0.0695664
4	-0.0544787	-0.0589751	-0.0609595	-0.0623471	-0.063324
4.02	-0.0787531	-0.0736466	-0.0663108	-0.0636352	-0.0629911
4.04	-0.0634445	-0.0589616	-0.0663041	-0.0663075	-0.0649713
4.06	-0.0560043	-0.0673787	-0.0631701	-0.0647371	-0.0655223
4.08	-0.0881954	-0.07582	-0.0715993	-0.0673847	-0.0660609
4.1	-0.105615	-0.0808097	-0.0783148	-0.0749571	-0.0711709
4.12	-0.13934	-0.113768	-0.0972887	-0.0878018	-0.0813794
4.14	-0.0730718	-0.0893434	-0.101556	-0.0994222	-0.093612
4.16	-0.0674549	-0.103398	-0.0963705	-0.098963	-0.0991926
4.18	-0.148869	-0.11097	-0.107184	-0.101777	-0.10037
4.2	-0.0917594	-0.0796071	-0.0952888	-0.101236	-0.101507
4.22	-0.132031	-0.14045	-0.110029	-0.102659	-0.101948
4.24	-0.0939382	-0.0928488	-0.116649	-0.113339	-0.107999
4.26	-0.133969	-0.133	-0.112925	-0.114787	-0.114063
4.28	-0.0867647	-0.0903515	-0.111676	-0.1123	-0.113544
4.3	-0.125032	-0.129501	-0.109926	-0.110801	-0.111551
4.32	-0.123682	-0.105224	-0.117362	-0.113644	-0.112223
4.34	-0.133209	-0.129121	-0.117172	-0.117267	-0.115456
4.36	-0.148679	-0.136181	-0.132651	-0.124911	-0.121089
4.38	-0.0924838	-0.112847	-0.124514	-0.128582	-0.126747
4.4	-0.133075	-0.140877	-0.126862	-0.125688	-0.127135
4.42	-0.0899315	-0.0912077	-0.116042	-0.121452	-0.12357
4.44	-0.103536	-0.118306	-0.104757	-0.110399	-0.115926
4.46	-0.0569752	-0.0734534	-0.0958795	-0.100318	-0.105359
4.48	-0.125593	-0.114564	-0.0940089	-0.0949442	-0.0976311
4.5	-0.0984202	-0.0776977	-0.0961311	-0.09507	-0.0950071
4.52	-0.0804984	-0.103045	-0.0903716	-0.0932513	-0.0941606
4.54	-0.140453	-0.119437	-0.111241	-0.100806	-0.0970288
4.56	-0.103951	-0.0922245	-0.10583	-0.108536	-0.104671
4.58	-0.0911263	-0.11579	-0.104007	-0.104919	-0.106727
4.6	-0.0551945	-0.0795725	-0.097681	-0.100844	-0.102881
4.62	-0.103746	-0.0974362	-0.0885044	-0.0930927	-0.0969684
4.64	-0.114381	-0.0847878	-0.091112	-0.0898082	-0.0914505
4.66	-0.0623938	-0.08307	-0.0839289	-0.0875205	-0.0886643
4.68	-0.102826	-0.108603	-0.0958367	-0.0898828	-0.0887016
4.7	-0.145039	-0.103716	-0.10616	-0.100998	-0.0954406
4.72	-0.109923	-0.106375	-0.105045	-0.105603	-0.1033
4.74	-0.083597	-0.114318	-0.110346	-0.107696	-0.106649
4.76	-0.0591214	-0.0845223	-0.0994201	-0.104883	-0.106289
4.78	-0.118031	-0.100814	-0.0926682	-0.0960441	-0.100464
4.8	-0.0728224	-0.0659719	-0.083393	-0.0880306	-0.0920373
4.82	-0.0910007	-0.104516	-0.0852439	-0.0843184	-0.0861745
4.84	-0.090005	-0.0814137	-0.0929648	-0.0891044	-0.0867114
4.86	-0.106584	-0.0987923	-0.090103	-0.0915339	-0.0903191
4.88	-0.0647307	-0.0773678	-0.0880801	-0.0890915	-0.0903127
4.9	-0.116524	-0.111554	-0.0944608	-0.0912704	-0.090181
4.92	-0.071418	-0.0680744	-0.0898141	-0.0921375	-0.091704
4.94	-0.128317	-0.12242	-0.0952473	-0.0925307	-0.0923341
4.96	-0.0897907	-0.0806044	-0.101512	-0.0983798	-0.0954553
4.98	-0.0603604	-0.0943386	-0.0874715	-0.0944919	-0.0964359
5	-0.0613196	-0.0755552	-0.0849469	-0.0862092	-0.0903506
5.02	-0.0636895	-0.062025	-0.0687901	-0.0768685	-0.0815389
5.04	-0.0914687	-0.0763942	-0.0692096	-0.0689998	-0.0729342
5.06	-0.106432	-0.0850609	-0.0807275	-0.0749685	-0.0719842
5.08	-0.0626866	-0.0770777	-0.0810693	-0.0808984	-0.0779335
5.1	-0.0595734	-0.0830028	-0.0800402	-0.0805548	-0.0807266
5.12	-0.0478983	-0.0552925	-0.0691476	-0.0745939	-0.0775744
5.14	-0.0868068	-0.0731901	-0.0642413	-0.0666945	-0.0706442
5.16	-0.0442652	-0.0460817	-0.0596359	-0.0619386	-0.0643165
5.18	-0.0967452	-0.091776	-0.0689289	-0.0642824	-0.0631105
5.2	-0.0235259	-0.0338956	-0.0628358	-0.0658823	-0.0650823
5.22	-0.0457868	-0.071266	-0.0525808	-0.0577083	-0.0617953
5.24	-0.0475896	-0.0355577	-0.0534119	-0.0529963	-0.0553523
5.26	-0.0858119	-0.0657994	-0.0506785	-0.0520452	-0.0525208
5.28	-0.0569268	-0.0522582	-0.0590288	-0.0548537	-0.0534494
5.3	-0.100036	-0.0929241	-0.0725912	-0.06581	-0.0603318
5.32	-0.0813788	-0.0691528	-0.0810385	-0.0768148	-0.0713124
5.34	-0.0183166	-0.0591765	-0.0641646	-0.0726016	-0.0747082
5.36	-0.0360685	-0.0587236	-0.0589501	-0.0615573	-0.0670795
5.38	-0.0939331	-0.0561248	-0.0574242	-0.0581871	-0.0598722
5.4	-0.0908065	-0.0634375	-0.0597812	-0.0586027	-0.0583949
5.42	-0.0644023	-0.0791677	-0.0713026	-0.0655419	-0.0620723
5.44	-0.0415239	-0.0661652	-0.0726665	-0.0719845	-0.0687632
5.46	-0.0385051	-0.0514537	-0.0588095	-0.065738	-0.0688612
5.48	-0.0298073	-0.0356656	-0.0435597	-0.0511846	-0.0584613
5.5	-0.0662259	-0.0523655	-0.0440156	-0.0437876	-0.0474861
5.52	-0.0161722	-0.0229898	-0.0376777	-0.0408466	-0.0423171
5.54	-0.0635615	-0.0648937	-0.0439417	-0.0408097	-0.0408282
5.56	-0.0580914	-0.0371318	-0.0510128	-0.0474772	-0.0441435
5.58	-0.070743	-0.0671522	-0.052142	-0.0515774	-0.0495273
5.6	0.010049	-0.0240212	-0.0455867	-0.0488644	-0.0502209
5.62	-0.0867062	-0.0787246	-0.0513729	-0.0484798	-0.0486721
5.64	-0.0030094	0.00351978	-0.0376024	-0.0444876	-0.0464837
5.66	-0.0512935	-0.0689998	-0.03274	-0.0351712	-0.0398294
5.68	-0.0643229	-0.0336662	-0.051333	-0.0420365	-0.0386039
5.7	-0.0382043	-0.0447489	-0.0392075	-0.0452703	-0.0436534
5.72	0.0152889	-0.024517	-0.034633	-0.0369202	-0.0410953
5.74	0.0125873	-0.0128085	-0.0186628	-0.0266479	-0.0317841
5.76	-0.00156012	0.00686439	-0.00297206	-0.0108174	-0.0187326
5.78	-0.00689232	0.00284749	0.00485594	0.000941941	-0.00493774
5.8	-0.0634496	-0.0325049	-0.0148287	-0.00498637	-0.00202221
5.82	-0.00576117	-0.00632675	-0.0194158	-0.0171222	-0.0110543
5.84	-0.0347446	-0.0490971	-0.0277119	-0.0235639	-0.020343
5.86	0.00549896	-0.000131103	-0.0246141	-0.026163	-0.0248634
5.88	0.0235633	-0.00559067	-0.00286089	-0.0137375	-0.0199503
5.9	0.0220587	0.0137788	0.00409408	0.000616597	-0.00656045
5.92	0.0177829	0.0206731	0.0172259	0.01066	0.00563831
5.94	-0.0469081	-0.0124247	0.00412417	0.0106751	0.0106675
5.96	0.0132345	0.0155087	0.00154197	0.00283307	0.00675406
5.98	-0.0102097	-0.0285589	-0.00652513	-0.00249158	0.000170746
6	-0.0341824	-0.010474	-0.0195165	-0.0130208	-0.00775618
6.02	0.0276696	0.00872997	-0.000872005	-0.0101942	-0.0116075
6.04	0.0292132	-0.00248463	0.00312267	0.00112533	-0.00453445
6.06	0.0267039	0.0271868	0.0123511	0.00773687	0.0044311
6.08	-0.00983822	0.00968748	0.0184371	0.0153941	0.0115655
6.1	-0.00100707	0.0128484	0.0112679	0.0148525	0.0151233
6.12	-0.0413418	-0.02559	-0.00637081	0.00244856	0.00865055
6.14	-0.029233	-0.01512	-0.020355	-0.0133629	-0.00545718
6.16	0.0308107	-0.00526555	-0.0101928	-0.0152739	-0.0143184
6.18	-0.00544693	-0.01734	-0.0113028	-0.0107478	-0.0130109
6.2	-0.00737691	0.0117169	-0.00281154	-0.00705716	-0.00890247
6.22	0.032078	0.0133155	0.0125162	0.00485233	-0.00110241
6.24	-0.00230862	-0.00484276	0.00423638	0.00837629	0.00661431
6.26	-0.0219082	0.00508489	0.000121063	0.00217872	0.0052775
6.28	-0.0320957	-0.0172022	-0.00605864	-0.00296879	-0.000395036
6.3	0.0191384	-0.00138491	-0.00929354	-0.00767609	-0.00532244
6.32	0.0243166	-0.00388958	-0.00263724	-0.00596539	-0.00682074
6.34	-0.033709	-0.00728534	-0.00558746	-0.00411235	-0.00503887
6.36	0.0135021	0.0189094	0.00581201	0.000112276	-0.00200004
6.38	0.00322199	-0.0152435	0.00183292	0.00382246	0.00196737
6.4	0.0385642	0.0260332	0.00539482	0.00361387	0.00371817
6.42	0.0279294	0.0155757	0.0208044	0.0130996	0.00835674
6.44	-0.0259394	0.00631241	0.010944	0.0158742	0.0144869
6.46	-0.0208455	0.00354194	0.00492717	0.00793561	0.0119049
6.48	0.00751091	-0.00921422	-0.00283614	0.00104552	0.00449056
6.5	-0.029533	-0.0251893	-0.0172017	-0.0100189	-0.00448671
6.52	-0.02717	-0.00982952	-0.0175094	-0.0173556	-0.0136872
6.54	-0.00430207	-0.0169175	-0.0133735	-0.0154415	-0.0163985
6.56	-0.00723576	-0.0172029	-0.0170602	-0.0152169	-0.0153292
6.58	0.0540854	0.0248917	0.0038444	-0.0066079	-0.0109124
6.6	0.0523391	0.0225517	0.0237217	0.013783	0.00358756
6.62	0.0242775	0.0391814	0.0308666	0.0272941	0.0205386
6.64	0.0463106	0.0493249	0.0442532	0.0375599	0.032427
6.66	0.0449832	0.0346304	0.0419776	0.0431154	0.0403376
6.68	0.0133032	0.0298069	0.0322186	0.0370981	0.0401068
6.7	-0.00229894	0.0213421	0.0255745	0.0288966	0.0329974
6.72	0.00412765	0.00871543	0.0150288	0.0203017	0.0245991
6.74	0.0310521	0.0143766	0.011546	0.0132874	0.0167945
6.76	0.0265144	0.015321	0.0148488	0.0131974	0.0132424
6.78	-0.00804289	0.0115046	0.0134128	0.0141308	0.0136641
6.8	-0.0183868	0.0040638	0.0077842	0.0105985	0.0123647
6.82	-0.0258482	-0.0169455	-0.00644087	0.000671666	0.00563509
6.84	-0.0219271	-0.020157	-0.0185513	-0.0124961	-0.0059122
6.86	0.0323832	0.0032675	-0.00844474	-0.013498	-0.012997
6.88	0.00438053	-0.00877331	-0.00275291	-0.00559882	-0.00954841
6.9	-0.00281011	0.0147865	0.00300661	0.000126853	-0.00273599
6.92	0.0018279	0.00310421	0.00894537	0.00597599	0.00305142
6.94	-0.0218852	-0.0123476	-0.00462171	0.00216183	0.00406891
6.96	0.0120279	0.00692788	-0.00270988	-0.0036658	-0.000751982
6.98	0.0630243	0.0205695	0.0137487	0.00551942	0.000926811
7	0.0281963	0.0201121	0.0203408	0.0170448	0.0112821
7.02	-0.00336517	0.0298295	0.0249708	0.0226558	0.0198503
7.04	0.0361979	0.0321971	0.0310133	0.0279921	0.0253239
7.06	0.0467209	0.0216778	0.0269375	0.0289754	0.0284837
7.08	0.0194911	0.0278445	0.0247612	0.0258493	0.0274124
7.1	-0.0133334	0.0166937	0.0222691	0.0235151	0.0246822
7.12	0.0594199	0.0394555	0.0280746	0.0251719	0.0243435
7.14	0.0338456	0.0102561	0.0248558	0.0264652	0.0258185
7.16	0.0231997	0.0413098	0.0257829	0.0253194	0.0258923
7.18	-0.00765188	0.0130969	0.0272033	0.0264931	0.0259062
7.2	0.027442	0.0253208	0.0192089	0.0232061	0.0248496
7.22	0.0144149	0.00338153	0.0143512	0.01678	0.0199931
7.24	0.054885	0.0411635	0.0222725	0.0183119	0.0175459
7.26	0.0114133	0.0129141	0.0270388	0.0246557	0.0214838
7.28	-0.00352201	0.0256815	0.0192978	0.0231683	0.023912
7.3	0.00470516	0.00805923	0.0168704	0.0180841	0.0206262
7.32	0.0450862	0.0207821	0.0144207	0.0156455	0.0168648
7.34	0.0360502	0.0203777	0.0205799	0.0175003	0.0165729
7.36	0.0706921	0.0578892	0.0391334	0.0298566	0.0236785
7.38	0.00604333	0.0210467	0.039468	0.0393007	0.0345787
7.4	0.0619753	0.0663337	0.0436902	0.0415791	0.0404399
7.42	-0.0141841	-0.00407039	0.0311316	0.0374109	0.039495
7.44	0.0132656	0.0376204	0.016775	0.0239533	0.0306821
7.46	-0.0273044	-0.0207443	0.00843808	0.0126066	0.0182799
7.48	0.0504404	0.031853	0.00555437	0.00699623	0.00980139
7.5	0.0494983	0.0110969	0.021475	0.0135147	0.0102555
7.52	0.001365	0.0259027	0.0184998	0.0199874	0.016751
7.54	-0.0166081	0.0164451	0.0211739	0.0198368	0.0199121
7.56	0.058397	0.029881	0.023163	0.0221685	0.0210027
7.58	0.0438534	0.0136226	0.0217518	0.0224574	0.0223129
7.6	-0.0234306	0.0174832	0.0155529	0.0186524	0.0205549
7.62	0.0164552	0.0301543	0.0238187	0.0196858	0.0191691
7.64	0.0700744	0.0233219	0.0267381	0.0252784	0.0224821
7.66	0.0420934	0.0292743	0.0262981	0.0265181	0.0258982
7.68	-0.00774259	0.0311659	0.0302201	0.0282591	0.0273886
7.7	0.0184174	0.0302554	0.0307106	0.0304654	0.0293622
7.72	0.0573973	0.0248274	0.0275414	0.029126	0.0297957
7.74	-0.019885	-0.000733834	0.0120468	0.0197941	0.02446
7.76	-0.0194844	0.0189565	0.00911132	0.010579	0.0151866
7.78	0.00867901	-0.00560301	0.00667673	0.00789402	0.00923653
7.8	0.000388735	-0.00954782	-0.00757542	-0.000449343	0.00372234
7.82	0.0357409	0.02221	0.00633107	-0.000622172	-0.000535758
7.84	0.0507487	0.0255687	0.0238893	0.0151102	0.00724402
7.86	-0.0171865	0.00927722	0.017423	0.0206562	0.0178832
7.88	-0.0254075	0.0126706	0.0109739	0.0141984	0.0174273
7.9	-0.0254235	-0.021305	-0.00431719	0.00332835	0.00876339
7.92	0.0147931	-0.0053072	-0.0133061	-0.00881164	-0.00274164
7.94	0.0468905	0.0107335	0.00271316	-0.00529646	-0.00705405
7.96	0.0377884	0.0262908	0.0185121	0.0106126	0.00265809
7.98	0.012609	0.0297498	0.0280203	0.0232662	0.0169394
8	-0.0199681	0.00891011	0.0193299	0.0236751	0.0234706
8.02	0.0268477	0.0197284	0.0143193	0.0168246	0.0202498
8.04	0.0255067	0.0027693	0.0112488	0.012784	0.0148043
8.06	0.0203884	0.0236181	0.0131937	0.0122213	0.0125027
8.08	0.0266544	0.0260806	0.0248493	0.0190215	0.0156214
8.1	0.00308946	0.0117389	0.0189098	0.0218795	0.0204505
8.12	-0.00292916	0.0118626	0.0118008	0.0153553	0.0186174
8.14	0.0552559	0.0291727	0.0205177	0.0161592	0.0157572
8.16	0.0137804	0.00542563	0.0172992	0.0189084	0.0175338
8.18	-0.0171605	0.0190477	0.0122367	0.0147679	0.0168382
8.2	0.0265633	0.0201719	0.0196098	0.0159232	0.0153456
8.22	0.0178956	0.000367573	0.0102697	0.0149398	0.0154315
8.24	0.0269417	0.0267525	0.01356	0.0119149	0.0134273
8.26	0.024395	0.0211453	0.0239489	0.0187545	0.0153347
8.28	-0.0121347	0.00740349	0.0142744	0.0191117	0.0189331
8.3	0.047203	0.035799	0.0216012	0.0179378	0.0185247
8.32	-0.0290477	-0.0205912	0.00760388	0.0146026	0.0162702
8.34	-0.0264534	0.0103748	-0.0051082	0.00124784	0.0079252
8.36	0.0557541	0.0133532	0.011864	0.0033779	0.00231287
8.38	-0.0199363	-0.0231949	-0.00492084	0.00347158	0.00342474
8.4	0.0109885	0.0333713	0.00508823	8.36959e-05	0.00177764
8.42	-0.0149199	-0.0174281	0.00797159	0.00652991	0.0033068
8.44	0.0449231	0.0279558	0.00526384	0.00661772	0.00657381
8.46	-0.0089562	-0.0119381	0.00800888	0.00663636	0.00662704
8.48	-0.00260525	0.0211589	0.00461043	0.00630966	0.00647301
8.5	0.0492176	0.0201307	0.0206448	0.0126276	0.00946864
8.52	-0.00447071	-0.00353798	0.00829635	0.0144706	0.0135491
8.54	0.0423096	0.0457636	0.0211128	0.0147046	0.0145876
8.56	0.0264482	0.0109887	0.0283762	0.0247445	0.0197245
8.58	-0.0361184	0.00309561	0.00704217	0.0177092	0.0212268
8.6	-0.0142884	0.00607989	0.00458775	0.00581496	0.0117621
8.62	0.037507	0.000694295	0.00338709	0.00398742	0.00490119
8.64	0.021995	0.0038533	0.0022738	0.00283045	0.00340893
8.66	0.0427273	0.0401171	0.0219852	0.0121295	0.00747998
8.68	-0.0103481	0.00582347	0.0229703	0.0224778	0.0173036
8.7	-0.0193422	0.0116925	0.00875799	0.0158641	0.019171
8.72	-0.0219193	-0.0161337	-0.00222058	0.00326871	0.00956643
8.74	0.0192461	-4.80572e-05	-0.00809087	-0.00515572	-0.000943509
8.76	-0.0313	-0.0266097	-0.0133289	-0.0107099	-0.00793279
8.78	0.0249136	0.0220799	-0.00226489	-0.00779687	-0.00925337
8.8	0.0354075	0.00205371	0.0120668	0.00490095	-0.00144796
8.82	0.0288574	0.0268855	0.0144696	0.0132682	0.00908457
8.84	-0.0233217	0.00604288	0.0164642	0.0154669	0.0143675
8.86	-0.00350426	0.0126766	0.00935972	0.012912	0.0141894
8.88	-0.0123212	-0.0178215	-0.00257245	0.00339363	0.00815279
8.9	-0.000747932	-0.0021261	-0.00997378	-0.00627311	-0.00143974
8.92	-0.0213087	-0.016815	-0.00947052	-0.00972215	-0.00799763
8.94	-0.00609059	-0.00341926	-0.0101171	-0.00979382	-0.00975798
8.96	0.00836451	-0.00647209	-0.00494568	-0.00753139	-0.0086626
8.98	-0.0296999	-0.0178952	-0.0121837	-0.00856467	-0.00804803
9	0.010118	0.00924125	-0.00432698	-0.00825532	-0.00840999
9.02	-0.0442107	-0.0369553	-0.013857	-0.009092	-0.00867366
9.04	-0.0078913	0.00111335	-0.017921	-0.015889	-0.0124905
9.06	-0.00793737	-0.026074	-0.0124803	-0.0152007	-0.0155448
9.08	-0.0158517	-0.0118715	-0.0189728	-0.0157266	-0.0154636
9.1	0.0271127	0.00958769	-0.00114191	-0.0100573	-0.012892
9.12	-0.020816	-0.0183339	-0.0043731	-0.0027575	-0.00640742
9.14	0.0178759	0.0224943	0.00208022	-0.00114644	-0.00195197
9.16	0.0079153	-0.00645037	0.00802197	0.0050511	0.00195233
9.18	0.0444195	0.0311477	0.0123487	0.0101853	0.00761821
9.2	0.0208391	0.0143772	0.0227625	0.0175556	0.0138704
9.22	0.0330022	0.0387109	0.026544	0.0246532	0.0211044
9.24	0.0215951	0.0212171	0.029964	0.028254	0.0264536
9.26	-0.0172048	0.00789869	0.0145579	0.0222609	0.0252575
9.28	0.0159822	0.0187887	0.0133437	0.0139508	0.0181059
9.3	-0.0482095	-0.0327072	-0.00695927	0.0031922	0.00857149
9.32	0.00428605	0.0101341	-0.0112865	-0.0091229	-0.00296535
9.34	0.0351846	-0.00651248	0.00181083	-0.00473785	-0.00693037
9.36	0.0124453	0.00836569	0.000926604	0.00136872	-0.00168456
9.38	0.0146805	0.0249325	0.0166491	0.00878786	0.00507829
9.4	0.00207683	0.00726108	0.0160968	0.016373	0.0125804
9.42	-0.00988607	0.0023972	0.00482914	0.010463	0.013418
9.44	-0.0139203	-0.00592172	-0.00176226	0.00153344	0.00599821
9.46	0.0215759	0.00584491	-3.84012e-05	-0.00090033	0.000316556
9.48	0.0297074	0.00789354	0.00686923	0.00341541	0.00125754
9.5	0.0171311	0.0193535	0.0136235	0.0102464	0.00683089
9.52	-0.0355268	-0.00290974	0.00822187	0.0109227	0.0105845
9.54	-0.0476857	-0.0152773	-0.00909353	-0.000435831	0.00524343
9.56	-0.0447758	-0.0401513	-0.0277143	-0.0184039	-0.00941988
9.58	0.0172871	-0.0151993	-0.0276753	-0.0276948	-0.0230494
9.6	-0.032673	-0.0387244	-0.0269619	-0.0273186	-0.0275067
9.62	0.0103153	0.0138012	-0.0124616	-0.0197117	-0.0235152
9.64	0.0183073	-0.00718285	0.00330917	-0.00457623	-0.012144
9.66	0.00492178	0.00761853	0.000217841	0.0017635	-0.00140636
9.68	-0.0518837	-0.0167882	-0.00458482	-0.00218349	-0.000209994
9.7	-0.0515565	-0.0233174	-0.0200528	-0.0123188	-0.00725114
9.72	-0.0217311	-0.0368074	-0.0300624	-0.0250576	-0.0186882
9.74	-0.0262219	-0.0388892	-0.0378483	-0.0339554	-0.0295065
9.76	0.0130376	-0.00434679	-0.021618	-0.0297332	-0.0318443
9.78	0.0331396	0.00345883	-0.000443982	-0.011031	-0.0203821
9.8	-0.0346129	-0.0107877	-0.00366442	-0.0020542	-0.0065426
9.82	-0.0187031	0.00721826	-0.00178471	-0.00272456	-0.00238938
9.84	0.0137896	-0.0104116	-0.00159669	-0.0016907	-0.00220763
9.86	0.0348542	0.00807555	-0.00116804	-0.00138236	-0.00153653
9.88	0.0121849	0.0129873	0.0105314	0.00468169	0.00164966
9.9	-0.021918	0.0064681	0.00972768	0.0101295	0.00740562
9.92	0.0351687	0.0236768	0.0150724	0.0124001	0.0112648
9.94	-0.0347946	-0.0283563	-0.00233974	0.00636635	0.00938321
9.96	-0.0377921	-0.00131169	-0.014834	-0.00858687	-0.00111026
9.98	-0.00324138	-0.019018	-0.0101648	-0.0124994	-0.0105431
10	0.0292301	-0.00428096	-0.0116495	-0.0109072	-0.0117033
10.02	0.0138251	0.00529185	0.000505441	-0.00557202	-0.00823959
10.04	0.0366053	0.0329177	0.0191048	0.00980511	0.00211655
10.06	-0.0347687	-0.0104718	0.011223	0.0151639	0.0124845
10.08	-0.0144926	0.0110564	0.000292278	0.00575762	0.0104607
10.1	0.0166004	-0.00908415	0.000986105	0.000639191	0.0031984
10.12	0.0328277	0.00916758	4.17167e-05	0.000513911	0.000576551
10.14	0.000619791	0.00861009	0.00888884	0.00446528	0.00248959
10.16	0.0197239	0.0262758	0.017443	0.0131659	0.00881559
10.18	0.0390274	0.0198236	0.0230497	0.0202463	0.0167061
10.2	-0.0309551	-0.00561557	0.00710402	0.0150769	0.0176616
10.22	0.0383477	0.0386876	0.016536	0.01182	0.0134484
10.24	0.000794479	-0.0150803	0.0118036	0.0141698	0.0129949
10.26	0.0389552	0.0386514	0.0117856	0.0117946	0.0129822
10.28	-0.00498021	-0.00209286	0.0182793	0.0150324	0.0134135
10.3	0.00080472	0.01988	0.00889355	0.0135864	0.0143094
10.32	0.0394324	0.0172261	0.018553	0.0137233	0.0136549
10.34	0.0254584	0.0131316	0.0151788	0.0168659	0.0152946
10.36	0.0268848	0.0331586	0.0231451	0.019162	0.0180139
10.38	0.00490051	0.0151795	0.024169	0.0236571	0.0214095
10.4	0.0111533	0.0190191	0.0170993	0.0206342	0.0221456
10.42	0.0449483	0.0249244	0.0219717	0.0195355	0.0200848
10.44	0.0389911	0.0250722	0.0249983	0.023485	0.0215103
10.46	-0.0221498	0.0113993	0.0182358	0.021617	0.022551
10.48	0.0328197	0.0359054	0.0236523	0.020944	0.0212805
10.5	0.00429945	-0.00892516	0.0134901	0.0185712	0.0197576
10.52	0.00915832	0.020989	0.00603192	0.00976102	0.0141661
10.54	0.0213134	0.0128064	0.0168977	0.0114648	0.0106129
10.56	0.0229252	0.0160418	0.0144241	0.0156609	0.0135628
10.58	0.0248784	0.0230959	0.0195688	0.0169964	0.0163287
10.6	-0.0283277	-0.00270123	0.0101973	0.0148831	0.0159398
10.62	0.00584042	0.0153594	0.00632909	0.0082632	0.0115731
10.64	-0.00753027	-0.017929	-0.00128478	0.00252215	0.00539268
10.66	-0.0378784	-0.016019	-0.016974	-0.00912938	-0.00330362
10.68	0.02499	0.00872986	-0.00364457	-0.0103093	-0.00971933
10.7	0.0319663	-0.00295606	0.0028869	-0.000378832	-0.00534405
10.72	0.0327786	0.0288843	0.0129641	0.00792551	0.00377334
10.74	0.0119385	0.0219524	0.0254183	0.0191912	0.0135584
10.76	-0.0132323	0.00977315	0.0158628	0.0206406	0.0199159
10.78	0.00674169	0.00934009	0.00955662	0.0127097	0.0166751
10.8	0.00525942	-0.00398644	0.00267683	0.00611672	0.00941321
10.82	0.0101573	0.00844947	0.00223152	0.00245417	0.00428545
10.84	-0.000518027	0.0023707	0.00541009	0.0038208	0.00313749
10.86	-0.0395087	-0.0146757	-0.00615251	-0.000371211	0.0017248
10.88	0.00359162	0.0015368	-0.00656946	-0.00636098	-0.0033661
10.9	-0.0509804	-0.0452445	-0.0218539	-0.0142117	-0.0102863
10.92	0.0158496	0.00972062	-0.017762	-0.0198079	-0.0170098
10.94	-0.00238966	-0.026685	-0.0084822	-0.0131221	-0.016465
10.96	0.0290942	0.0224719	-0.00210655	-0.00529437	-0.00920822
10.98	-0.00262244	-0.00250605	0.00998293	0.00393819	-0.000678089
11	-0.0428219	-0.00686386	-0.00468495	0.00264899	0.00329359
11.02	-0.0050639	-0.00384317	-0.00535351	-0.00501923	-0.00118512
11.04	-0.00296699	-0.0228945	-0.0133688	-0.00936116	-0.0071902
11.06	-0.0491078	-0.0270858	-0.0249902	-0.0191795	-0.0142703
11.08	0.0275226	0.0122778	-0.00740402	-0.0161971	-0.0176883
11.1	-0.0154004	-0.0322541	-0.00998816	-0.00869609	-0.0124466
11.12	0.00994661	0.0187346	-0.00675975	-0.00837395	-0.00853502
11.14	-0.00855857	-0.0119795	0.00337755	-0.0016911	-0.00503253
11.16	-0.0393235	-0.0146884	-0.013334	-0.00497821	-0.00333465
11.18	-0.0123639	-0.0104612	-0.0125748	-0.0129544	-0.00896631
11.2	-0.0289176	-0.0341205	-0.0222909	-0.0174329	-0.0151936
11.22	-0.0128926	-0.0126283	-0.0233744	-0.0228326	-0.0201328
11.24	-0.0517712	-0.0403444	-0.0264863	-0.0249304	-0.0238815
11.26	0.0182958	0.00270162	-0.0188214	-0.0226539	-0.0237921
11.28	0.00396199	-0.0239046	-0.0106015	-0.0147115	-0.0186827
11.3	0.0279389	0.0231174	-0.000393625	-0.00549757	-0.0101045
11.32	0.00496738	0.00446468	0.013791	0.0066987	0.000600568
11.34	-0.00857112	0.0096839	0.00707429	0.0104327	0.00856568
11.36	-0.00545324	-0.000242934	0.00472048	0.00589739	0.00816503
11.38	0.0463836	0.0189062	0.00933164	0.00702606	0.00646173
11.4	-0.0472037	-0.0263285	-0.00371113	0.00281026	0.00491816
11.42	-0.0455927	0.000395421	-0.0129665	-0.00833883	-0.00276429
11.44	0.0111155	-0.0180441	-0.00882434	-0.0108954	-0.00961713
11.46	0.00682483	-0.0193839	-0.018714	-0.0137692	-0.0123323
11.48	-0.0305847	-0.00973457	-0.0145593	-0.0166366	-0.0152029
11.5	-0.0308076	-0.0119914	-0.010863	-0.0127111	-0.0146739
11.52	0.0102967	-0.010144	-0.0110677	-0.0109653	-0.0118382
11.54	0.0396826	0.00443748	-0.00285325	-0.00696047	-0.0089629
11.56	0.0211842	0.0157404	0.010089	0.00361786	-0.00167131
11.58	-0.00626522	0.0167087	0.0162246	0.0131568	0.00838731
11.6	-0.00863498	0.00627461	0.0114916	0.0138581	0.0135074
11.62	0.0326268	0.0131808	0.00972771	0.0106097	0.0122339
11.64	0.0428938	0.0171294	0.0151551	0.0124414	0.0115255
11.66	0.042578	0.0376024	0.0273659	0.0212605	0.016851
11.68	0.0376549	0.0402743	0.0389384	0.0331521	0.0272063
11.7	0.0245069	0.0335425	0.0369084	0.0379234	0.0355378
11.72	-0.0187783	0.00943829	0.0214904	0.0291994	0.0335614
11.74	0.00159809	0.0130525	0.0112454	0.0163679	0.0227836
11.76	-0.0301036	-0.024441	-0.00569423	0.00277559	0.00957174
11.78	-0.00420333	-0.00130262	-0.0128718	-0.00928301	-0.00325371
11.8	0.0430822	0.00648927	0.00259333	-0.00513923	-0.00721112
11.82	-0.00522466	-0.00471399	0.00088764	0.00174048	-0.00169937
11.84	0.0366484	0.0398653	0.0175756	0.00923164	0.00548606
11.86	0.0450021	0.0198887	0.029877	0.0237263	0.016479
11.88	-0.0332915	0.00167845	0.0107836	0.0203303	0.0220283
11.9	-0.00580687	0.0195976	0.010638	0.0107108	0.0155206
11.92	0.0264685	-0.00341147	0.00809308	0.00936556	0.0100382
11.94	0.0251474	0.00967029	0.00312941	0.00561124	0.0074884
11.96	0.039037	0.0327528	0.0212115	0.0121705	0.00889086
11.98	-0.0256268	-0.000239702	0.0162565	0.018734	0.0154522
12	0.0248312	0.0319341	0.0158472	0.0160519	0.0173929
12.02	0.0450754	0.00972426	0.0208292	0.0183382	0.017195
12.04	-0.0180361	0.00339757	0.00656091	0.013695	0.0160166
12.06	-0.0109288	0.0170733	0.0102354	0.00839817	0.0110466
12.08	0.00496526	-0.00653541	0.00526893	0.00775218	0.00807517
12.1	0.00438461	-0.0032721	-0.00490375	0.00018259	0.00396738
12.12	0.0112089	0.00808709	0.0024075	-0.00124813	-0.000532769
12.14	-0.0318531	-0.0137342	-0.00282357	-0.000208036	-0.000728082
12.16	-0.00310838	0.00405027	-0.00484198	-0.00383277	-0.00202041
12.18	-0.0148432	-0.0233481	-0.00964892	-0.00724545	-0.00553911
12.2	0.0145845	0.00573808	-0.00880502	-0.00922697	-0.00823621
12.22	0.0408984	0.0130276	0.00938285	0.000288919	-0.00446902
12.24	-0.0296357	-0.00752558	0.00275103	0.00606694	0.00317793
12.26	0.00999776	0.0254481	0.00896126	0.00585614	0.00596154
12.28	0.0359346	0.00314948	0.0142988	0.01163	0.00874308
12.3	-0.0395838	-0.014793	-0.00582178	0.0042385	0.00793426
12.32	-0.0131596	0.0113875	-0.00170275	-0.00376226	0.000238119
12.34	-0.0305691	-0.0350765	-0.0118445	-0.00677361	-0.00526793
12.36	0.0142278	0.000534101	-0.0172712	-0.0145578	-0.0106657
12.38	0.00888937	-0.0108399	-0.00515288	-0.011212	-0.0128849
12.4	0.0173193	0.0157735	0.00246684	-0.00134302	-0.00627752
12.42	0.00934101	0.00911519	0.0124444	0.0074556	0.00305629
12.44	-0.0443647	-0.0135227	-0.00220374	0.00512031	0.00628796
12.46	0.00587808	0.00760954	-0.00295657	-0.00258015	0.00127008
12.48	0.00619354	-0.0190856	-0.00573801	-0.00434729	-0.00346372
12.5	-0.0258654	-0.00999368	-0.0145396	-0.0101388	-0.00724305
12.52	-0.0481975	-0.021002	-0.0154978	-0.0150187	-0.0125788
12.54	-0.0156658	-0.0207656	-0.0208838	-0.0181908	-0.0166048
12.56	-0.0491046	-0.0486511	-0.0347083	-0.0277961	-0.0229934
12.58	0.0423945	0.0133644	-0.0176433	-0.0261758	-0.0269859
12.6	0.0102044	-0.0194501	-0.00304286	-0.0103431	-0.0182595
12.62	0.027166	0.0347803	0.00766509	0.00231112	-0.00401599
12.64	0.0388521	0.0245283	0.0296543	0.0186597	0.0104854
12.66	0.0434939	0.0353299	0.0299291	0.0297917	0.0242257
12.68	-0.0324935	0.00317931	0.0192546	0.0245919	0.0271918
12.7	-0.00496913	0.0192624	0.0112208	0.0152377	0.0199148
12.72	-0.000963292	-0.0167284	0.00126699	0.00624391	0.0107408
12.74	0.0298189	0.0124249	-0.00215175	-0.000442379	0.00290077
12.76	0.0142271	0.0066319	0.0095284	0.00368833	0.00162297
12.78	0.046924	0.0383714	0.0225017	0.016015	0.00985168
12.8	-0.0340817	-0.0099273	0.0142221	0.0183619	0.0171885
12.82	-0.0202983	0.0133128	0.00169276	0.00795742	0.0131596
12.84	0.0386605	0.00228942	0.00780112	0.00474694	0.00635218
12.86	-0.0129305	-0.0166144	-0.0071625	0.00031931	0.00253313
12.88	0.0404356	0.0395481	0.0114668	0.00215217	0.00123574
12.9	0.0252814	0.00617542	0.0228618	0.0171643	0.00965823
12.92	-0.00187754	0.0192791	0.0127272	0.0177945	0.0174794
12.94	-0.0221358	0.00157277	0.0104259	0.0115766	0.0146855
12.96	0.0452523	0.0216874	0.0116301	0.011028	0.0113023
12.98	-0.0371571	-0.0296464	-0.00397952	0.00382528	0.00742664
13	0.0371996	0.041226	0.00578976	0.000905117	0.0023652
13.02	0.0129717	-0.0120927	0.0145667	0.0101782	0.00554166
13.04	0.0225388	0.0298692	0.00888827	0.0117275	0.0109528
13.06	0.0431453	0.0280585	0.0289639	0.0189261	0.0153268
13.08	-0.0308836	-0.00417242	0.011943	0.0204534	0.0196898
13.1	-0.0210442	0.0110505	0.00343906	0.00769105	0.0140722
13.12	-0.032539	-0.0317113	-0.0103304	-0.00344567	0.00212269
13.14	-0.0289416	-0.0249929	-0.0283521	-0.0193412	-0.0113935
13.16	0.0133888	-0.00957509	-0.017284	-0.022818	-0.0210796
13.18	-0.0315849	-0.0302632	-0.0199192	-0.0186016	-0.0207098
13.2	-0.0365276	-0.0115694	-0.0209163	-0.0204177	-0.0195097
13.22	-0.0264258	-0.0290054	-0.0202874	-0.0206019	-0.0205098
13.24	0.0455243	0.00449833	-0.0122535	-0.0162705	-0.0184362
13.26	-0.0477694	-0.0370976	-0.0162996	-0.0142766	-0.0152735
13.28	-0.033062	0.00623115	-0.0154332	-0.0158664	-0.0150715
13.3	-0.0371346	-0.042452	-0.0181104	-0.0167718	-0.0163191
13.32	-0.00293855	-0.0180003	-0.0302261	-0.0241683	-0.0204701
13.34	0.0157408	-0.0106969	-0.0143486	-0.0222874	-0.0232278
13.36	0.0424173	0.0197394	0.00452123	-0.00491368	-0.0136005
13.38	-0.0390107	-0.011635	0.00405221	0.00428672	-0.000313481
13.4	0.012334	0.0273757	0.00787035	0.00596128	0.005124
13.42	-0.0420258	-0.0405183	-0.00657131	0.000649522	0.0033054
13.44	-0.00970038	0.00131681	-0.0196007	-0.013086	-0.00621825
13.46	0.000574057	-0.0207259	-0.00970454	-0.0146526	-0.0138693
13.48	-0.00540518	-0.00755278	-0.0141393	-0.0119219	-0.0132873
13.5	-0.0197411	-0.00958354	-0.00856816	-0.0113537	-0.0116378
13.52	-0.0246478	-0.0150265	-0.012305	-0.0104366	-0.0108952
13.54	0.0421881	0.0112235	-0.00190148	-0.00710324	-0.00876991
13.56	0.00756866	-0.00853955	0.00134198	-0.000279754	-0.0036915
13.58	-0.0299743	0.00610693	-0.00121631	6.28345e-05	-0.00010846
13.6	-0.0455715	-0.0190014	-0.00644723	-0.00383177	-0.00188447
13.62	-0.00585716	-0.0179157	-0.0184586	-0.0124529	-0.00814233
13.64	0.0323499	-0.00661076	-0.0122632	-0.0153609	-0.0139069
13.66	0.0262984	0.0102206	0.00180493	-0.00522915	-0.010295
13.68	-0.0134015	0.00947422	0.00984742	0.00582617	0.000298508
13.7	0.0507568	0.0385276	0.0240009	0.0169242	0.0113752
13.72	-0.0454744	-0.0294379	0.00454483	0.0142729	0.0155985
13.74	0.00331248	0.0270346	-0.00120165	0.00167159	0.00797223
13.76	-0.0289494	-0.0372119	-0.00508864	-0.00314514	-0.000736776
13.78	0.0171328	0.0102227	-0.0134946	-0.00929163	-0.00621839
13.8	0.0209298	-0.00400984	0.00310641	-0.00519411	-0.00724287
13.82	-0.0162904	0.000421218	-0.00179431	0.000656049	-0.00226903
13.84	0.0398789	0.0304043	0.0154128	0.00680923	0.00373264
13.86	0.0156119	-0.000339269	0.0150325	0.0152226	0.0110159
13.88	-0.0149153	0.0124818	0.00607125	0.0105519	0.0128873
13.9	-0.0440514	-0.0142198	-0.000869003	0.00260112	0.00657651
13.92	0.0275969	0.00634079	-0.00393949	-0.00240425	9.8438e-05
13.94	0.0312545	-0.00639847	-2.88414e-05	-0.00198417	-0.00219421
13.96	0.020787	0.024192	0.00889675	0.00443396	0.00122489
13.98	0.0191019	0.0251782	0.0246851	0.0167909	0.0106124
14	0.041322	0.0310545	0.0281163	0.0264007	0.0215958
14.02	-0.0178094	0.000646229	0.0158504	0.0219834	0.024192
14.04	0.0261375	0.0337298	0.017188	0.0165192	0.0192513
14.06	-0.0193244	-0.0185669	0.00758143	0.0123847	0.0144519
14.08	0.0318118	0.0289746	0.00520386	0.00639265	0.00938868
14.1	-0.0302268	-0.0247756	0.00209951	0.00365169	0.00502217
14.12	0.00996971	0.0208907	-0.00194243	7.8538e-05	0.00186511
14.14	-0.0438058	-0.0370163	-0.0080628	-0.00500261	-0.00246204
14.16	-0.039013	-0.0145217	-0.025769	-0.0169159	-0.0109593
14.18	-0.0334399	-0.0386228	-0.0265722	-0.0261706	-0.0215433
14.2	-0.0247617	-0.0318873	-0.0352551	-0.0309137	-0.0285421
14.22	-0.0355689	-0.0345044	-0.0331958	-0.0342255	-0.0325696
14.24	0.00971636	-0.00752265	-0.0210135	-0.0271047	-0.0306651
14.26	-0.0434001	-0.0394845	-0.0235036	-0.0222585	-0.0246816
14.28	0.03974	0.0247282	-0.00737815	-0.0154409	-0.0188497
14.3	0.0453246	0.00096228	0.0128452	0.00273354	-0.00635366
14.32	-0.0436337	-0.00194684	-0.00049228	0.00617647	0.00445501
14.34	0.0432755	0.0443001	0.0211766	0.0103422	0.00825932
14.36	-0.00235216	-0.0229929	0.0106536	0.0159151	0.0131286
14.38	-0.0235711	0.00985219	-0.00657037	0.00204161	0.00897835
14.4	0.00942207	0.00353495	0.00669357	6.16033e-05	0.0010516
14.42	-0.0324065	-0.0279888	-0.0122269	-0.00276668	-0.00135254
14.44	0.00915702	0.00928954	-0.00934963	-0.0107883	-0.00677748
14.46	-0.00167744	-0.017042	-0.00387621	-0.00661292	-0.0087006
14.48	0.0322305	0.0206937	0.00182589	-0.00102516	-0.00381904
14.5	0.0432707	0.0207966	0.0207452	0.0112855	0.00513019
14.52	0.00330446	0.0177675	0.019282	0.0200136	0.0156496
14.54	0.00886541	0.026068	0.0219178	0.0205999	0.0203068
14.56	0.0235683	0.0134364	0.0197522	0.020835	0.0207174
14.58	-0.0268599	-0.00899726	0.00221955	0.0109859	0.0159104
14.6	-0.0229783	0.000294956	-0.00435115	-0.0010658	0.00496004
14.62	0.0139508	-0.00645454	-0.00307979	-0.00371547	-0.00239064
14.64	0.00439773	-0.00929031	-0.00787243	-0.00547611	-0.00459579
14.66	-0.0477669	-0.0169081	-0.0130992	-0.0104858	-0.00798096
14.68	0.0437076	0.0240526	0.00357229	-0.00476344	-0.00762462
14.7	-0.0147019	-0.0312344	-0.0035909	-9.30252e-06	-0.00238637
14.72	-0.0288974	0.00740507	-0.0119147	-0.00775279	-0.00388105
14.74	0.00278171	-0.00596011	0.000722479	-0.0055961	-0.00667445
14.76	-0.00939496	-0.0191462	-0.0125531	-0.00591534	-0.00575572
14.78	-0.018789	-0.00800365	-0.0135749	-0.013064	-0.00948968
14.8	0.0184722	0.00453862	-0.00173251	-0.00765371	-0.0103589
14.82	0.0149829	-0.00190306	0.00131778	-0.000207367	-0.00393054
14.84	-0.00520896	0.00663162	0.00236428	0.00184103	0.000816832
14.86	-0.0226529	-0.00383501	0.0013983	0.00188129	0.00186116
14.88	0.0207512	0.00777112	0.00196805	0.00168318	0.00178223
14.9	-0.0162905	-0.0194717	-0.00585029	-0.00194112	-0.000128971
14.92	-0.0281395	-0.00369416	-0.0115829	-0.00871661	-0.00532886
14.94	0.0263168	0.00501314	0.00065949	-0.00546172	-0.00708916
14.96	-0.0238051	-0.0259723	-0.0104796	-0.00491004	-0.00518588
14.98	0.0187291	0.0225229	-0.00172468	-0.00610212	-0.00550608
15	-0.0480226	-0.0146467	0.00393809	0.00110671	-0.00249771
